ÊùúÁî´ 1 789 niubi 1
ÊùÊùúÁî´ 1 789 123 1
0 0 0 0 1
 0 0  1
 0 0  1
 0 0  1
 0 0  1
 0 0  1
 0 0  1
 0 0  1
 0 0  1
 0 0  1
 0 0  1
 0 0  1
 0 0  1
 0 0  1
 0 0  1
 0 0  1
 0 0  1
 0 0  1
 0 0  1
 0 0  1
 0 0  1
 0 0  1
 0 0  1
 0 0  1
 0 0  1
 0 0  1
 0 0  1
 0 0  1
 0 0  1
 0 0  1
 0 0  1
 0 0  1
 0 0  1
 0 0  1
 0 0  1
 0 0  1
 0 0  1
 0 0  1
 0 0  1
 0 0  1
 0 0  1
 0 0  1
 0 0  1
 0 0  1
 0 0  1
 0 0  1
 0 0  1
 0 0  1
 0 0  1
 0 0  1
 0 0  1
 0 0  1
 0 0  1
 0 0  1
 0 0  1
 0 0  1
 0 0  1
 0 0  1
 0 0  1
 0 0  1
 0 0  1
 0 0  1
 0 0  1
 0 0  1
 0 0  1
 0 0  1
 0 0  1
 0 0  1
 0 0  1
 0 0  1
 0 0  1
 0 0  1
 0 0  1
 0 0  1
 0 0  1
 0 0  1
 0 0  1
 0 0  1
 0 0  1
 0 0  1
 0 0  1
 0 0  1
 0 0  1
 0 0  1
 0 0  1
 0 0  1
 0 0  1
 0 0  1
 0 0  1
 0 0  1
 0 0  1
 0 0  1
 0 0  1
 0 0  1
 0 0  1
 0 0  1
 0 0  1
 0 0  1
0 1
1 0 0 0 1
0 1 0 0 1
0 0 0 0 1
0 0 0 1 1
0 0 0 0 1
1 0 0 0 1
0 1 0 0 1
0 0 0 0 1
0 0 0 1 1
0 0 0 0 1
1 0 0 0 1
0 1 0 0 1
0 0 0 0 1
0 0 1 0 1
0 1 0 0 1
0 0 0 0 1
0 0 1 0 1
0 1 0 0 1
0 0 0 0 1
 0 1 0 0
0 0 1 0 0
0 0 1 0 0
0 0 1 0 0
0 0 1 0 0
0 0 1 0 0
0 0 1 0 0
0 0 1 0 0
0 0 1 0 0
0 0 1 0 0
0 0 1 0 0
0 0 1 0 0
0 0 1 0 0
0 0 1 0 0
0 0 1 0 0
0 0 1 0 0
0 0 1 0 0
